-- 🗻 Mount Pengangguran Auto Summit v1
-- by GPT-5 | CFrame Teleport + UI
-- style UI sama seperti Mount Janpanese version

local Players = game:GetService("Players")
local player = Players.LocalPlayer
local character = player.Character or player.CharacterAdded:Wait()
local humanoid = character:WaitForChild("Humanoid")

-- === CONFIG: CFrame Checkpoints ===
local cframes = {
    CFrame.new(-59, 58.1081085, -1177, 1, 0, 0, 0, 1, 0, 0, 0, 1),
    CFrame.new(-387.276733, 154.426819, -1781.76294, 0.433303416, 0, -0.901248157, 0, 1, 0, 0.901248157, 0, 0.433303416),
    CFrame.new(-588.913269, 282.971405, -1568.94922, 0.999648869, 0, 0.0264985319, 0, 1, 0, -0.0264985319, 0, 0.999648869),
    CFrame.new(-951.105896, 261.795898, -1579.99878, -0.999648809, 0, -0.0264985319, 0, 1, 0, 0.0264985319, 0, -0.999648809),
    CFrame.new(-1278.88647, 261.893158, -1798.42981, -0.997035503, 0.0769399107, 0.000680688536, 0.0769429207, 0.996997535, 0.0086986823, -9.36895958e-06, 0.0087252697, -0.999961972),
    CFrame.new(-1646.29712, 177.646057, -1671.74207, 0.0880642533, 0, 0.996114731, 0, 1, 0, -0.996114731, 0, 0.0880642533),
    CFrame.new(-2139.5, 388.5, -1333, 0, 0, 1, 0, 1, 0, -1, 0, 0),
    CFrame.new(-1988.50171, 483.735382, -180.079056, 0.00731122494, 0, -0.999973297, 0, 1, 0, 0.999973297, 0, 0.00731122494),
    CFrame.new(-2387.29517, 593.031616, -109.968903, 0.0880642533, 0, 0.996114731, 0, 1, 0, -0.996114731, 0, 0.0880642533),
    CFrame.new(-2019.49304, 732.031616, 64.6678391, 0.0880642533, 0, 0.996114731, 0, 1, 0, -0.996114731, 0, 0.0880642533),
    CFrame.new(-1618.6344, 755.031616, -11.5432415, 0.0880642533, 0, 0.996114731, 0, 1, 0, -0.996114731, 0, 0.0880642533),
    CFrame.new(-1843.79443, 791, 643.830078, 0.766651392, 0, 0.642063558, 0, 1, 0, -0.642063558, 0, 0.766651392),
    CFrame.new(-2257.42871, 1026, 1435.71667, 0.0880642533, 0, 0.996114731, 0, 1, 0, -0.996114731, 0, 0.0880642533),
    CFrame.new(-2381.02026, 1067, 1834.38074, 0.0880642533, 0, 0.996114731, 0, 1, 0, -0.996114731, 0, 0.0880642533),
    CFrame.new(-2712.1814, 1210, 1922.29736, -0.0226985216, 0, 0.999742448, 0, 1, 0, -0.999742448, 0, -0.0226985216),
    CFrame.new(-3080.22998, 1338, 1858.11975, -0.0226985216, 0, 0.999742448, 0, 1, 0, -0.999742448, 0, -0.0226985216),
    CFrame.new(-3235.22998, 1338, 2174.11963, -0.0226985216, 0, 0.999742448, 0, 1, 0, -0.999742448, 0, -0.0226985216),
    CFrame.new(-3339.19556, 1494.58911, 2219.96265, -0.998225868, 2.3845308e-08, -0.0595412143, 2.16420748e-08, 1, 3.76483804e-08, 0.0595412143, 3.62929917e-08, -0.998225868), -- Summit
}

local running = false
local delayTime = 2

-- === UI ===
local ScreenGui = Instance.new("ScreenGui")
ScreenGui.Name = "MountPengangguranUI"
ScreenGui.ResetOnSpawn = false
ScreenGui.Parent = gethui and gethui() or game.CoreGui

local Frame = Instance.new("Frame", ScreenGui)
Frame.Size = UDim2.new(0, 230, 0, 120)
Frame.Position = UDim2.new(0.85, 0, 0.2, 0)
Frame.BackgroundColor3 = Color3.fromRGB(25, 25, 25)
Frame.BackgroundTransparency = 0.2
Frame.Active = true
Frame.Draggable = true

local Corner = Instance.new("UICorner", Frame)
Corner.CornerRadius = UDim.new(0, 12)

local Title = Instance.new("TextLabel", Frame)
Title.Size = UDim2.new(1, 0, 0, 30)
Title.BackgroundTransparency = 1
Title.Font = Enum.Font.GothamBold
Title.Text = "🏔️ Mount Pengangguran"
Title.TextSize = 15
Title.TextColor3 = Color3.new(1, 1, 1)

local Status = Instance.new("TextLabel", Frame)
Status.Size = UDim2.new(1, -20, 0, 20)
Status.Position = UDim2.new(0, 10, 0, 35)
Status.BackgroundTransparency = 1
Status.Font = Enum.Font.Gotham
Status.TextSize = 13
Status.TextColor3 = Color3.fromRGB(200, 200, 200)
Status.Text = "Status: Idle"

local Button = Instance.new("TextButton", Frame)
Button.Size = UDim2.new(0, 200, 0, 35)
Button.Position = UDim2.new(0.5, -100, 1, -45)
Button.Text = "▶️ Start Auto Summit"
Button.Font = Enum.Font.GothamBold
Button.TextSize = 14
Button.BackgroundColor3 = Color3.fromRGB(30, 180, 90)
Button.TextColor3 = Color3.new(1, 1, 1)
Button.BorderSizePixel = 0
Instance.new("UICorner", Button).CornerRadius = UDim.new(0, 10)

-- === TELEPORT LOOP (Versi Auto Suicide Summit) ===
local function teleportLoop()
	running = true
	while running do
		for i, cf in ipairs(cframes) do
			if not running then break end

			character = player.Character or player.CharacterAdded:Wait()
			local hrp = character:WaitForChild("HumanoidRootPart", 3)
			local humanoid = character:FindFirstChildOfClass("Humanoid")

			if hrp and humanoid then
				hrp.CFrame = cf
				Status.Text = ("Teleporting... [%d/%d]"):format(i, #cframes)
			end

			task.wait(delayTime)
		end

		-- 🏔️ Saat sampai Summit
		Status.Text = "Summit reached! Suicide..."
		task.wait(1)

		-- bunuh karakter (suicide)
		local char = player.Character
		if char and char:FindFirstChildOfClass("Humanoid") then
			char:FindFirstChildOfClass("Humanoid").Health = 0
		end

		-- tunggu respawn
		task.wait(3)

		-- pastikan karakter baru muncul
		character = player.Character or player.CharacterAdded:Wait()
		character:WaitForChild("HumanoidRootPart")
		character:WaitForChild("Humanoid")

		Status.Text = "Respawned, restarting climb..."
		task.wait(2)
	end
	Status.Text = "Stopped"
end

-- === BUTTON HANDLER ===
Button.MouseButton1Click:Connect(function()
	if running then
		running = false
		Button.Text = "▶️ Start Auto Summit"
		Button.BackgroundColor3 = Color3.fromRGB(30, 180, 90)
		Status.Text = "Stopped"
	else
		Button.Text = "⏸️ Stop Auto Summit"
		Button.BackgroundColor3 = Color3.fromRGB(200, 70, 70)
		Status.Text = "Running..."
		task.spawn(teleportLoop)
	end
end)
